823.747
270.162
595.155
920.236
388.221
788.321
427.508
728.398
577.333
964.13
135.015
366.154
36.851
495.389
258.723
672.369
779.194
855.37
421.727
833.644
574.449
534.569
408.168
233.154
337.428
915.815
29.632
280.406
606.213
695.87
698.917
327.064
542.224
572.384
104.972
655.856
633.343
988.084
267.818
125.31
482.519
639.12
484.025
344.736
67.545
897.199
21.105
427.715
415.782
119.798
243
606
557
133
378
937
618
485
640
594
67
620
13
930
857
480
265
564
239
196
734
481
553
856
562
487
406
654
881
154
237
650
155
888
948
535
399
759
15
687
795
65
163
776
980
605
43
308
798
31
